336
402
591
594
1019
1023
1103
1277
1613
1995
2507
2578
2598
2685
2760
2910
2952
3052
3252
3295
3304
3526
3602
3605
3716
3760
4122
4288
4351
4354
4527
4711
4953
5252
5382
5525
5590
5621
5957
6033
6157
6160
6219
6248
6532
6725
6751
6857
7026
7105
7118
7167
7396
7466
7478
7573
7636
8343
8467
8650
8706
9001
9016
9188
9392
10009
10014
10295
10355
10439
10538
11055
11168
11217
11251
11307
11725
12002
12061
12138
12235
12332
12377
12431
12691
12738
12942
13066
13083
13435
13502
13518
13599
13643
13853
13939
13942
14108

checked till 14296